3783:3783,67528,25482,&9066,17529,17570,20410,25768,36955,38511,60215,63870,70096,71659,73288,73306,74560,74898,75034,75506,82246,92684,
11504:47544,11504,79375,&2175,12144,25403,32386,48007,49570,49595,54364,65589,66394,67920,69199,69620,70501,73212,
17105:17105,12261,19048,&5825,21138,26325,28122,37809,40109,53402,54715,62085,63784,67002,67340,71076,94532,94572,
25142:30907,73102,69489,25142,&535,1201,1446,1661,5039,19215,25314,32177,45599,46225,48308,63231,68166,69745,70035,72391,77557,81119,82609,89664,97816,
25482:3783,67528,25482,&9066,17529,17570,20410,25768,36955,38511,60215,63870,70096,71659,73288,73306,74560,74898,75034,75506,82246,92684,
30907:25142,73102,30907,&535,1661,5039,19215,25314,32177,46225,48308,63231,68166,69745,70035,81119,82609,89664,97816,
40275:1034,40275,14814,&2153,12591,28259,31098,32158,36340,47102,48048,58806,61748,74111,74750,75064,77996,85425,95179,103975,
65214:3783,25482,65214,27747,67528,&42,9066,17529,17570,20410,25768,36955,38511,48530,52543,60215,63870,64043,65598,68935,70096,71019,71659,73288,73306,74560,74898,75034,75506,75627,82246,92684,95132,98456,
67528:3783,67528,25482,28525,&9066,17529,17570,20410,25768,36955,38511,60215,63870,70096,71659,73072,73288,73306,74560,74898,75034,75506,77891,78557,82246,87939,92684,104244,
69690:59757,51338,69690,&15264,30126,44419,52872,53015,57116,64217,66135,66941,67044,67250,67567,67758,67883,68207,104134,
71809:3783,44397,67528,25482,71809,&9066,9574,11752,13578,17529,17570,20410,25768,25897,36955,38511,60215,63870,68905,70096,70448,71659,71969,73288,73306,73331,73400,74560,74898,75034,75407,75506,80532,82246,92684,