1
3
5
8
9
10
11
13
14
15
17
19
22
27
28
35
37
38
39
41
44
46
47
49
51
52
55
57
58
59
60
61
63
65
66
67
68
69
70
71
72
73
74
76
81
83
84
87
88
89
91
93
94
97
98
99
101
102
106
108
109
113
115
117
119
120
121
122
123
125
127
129
132
133
134
135
136
140
142
143
144
146
148
149
150
153
154
158
159
163
165
166
167
172
175
176
180
183
184
187
188
190
191
192
193
195
197
199
201
202
205
207
210
211
212
213
214
217
219
220
222
223
224
226
228
234
237
238
241
242
248
249
251
254
255
260
268
269
273
279
280
281
283
284
285
286
287
288
290
297
301
303
304
305
307
309
310
314
318
321
323
324
326
328
329
330
333
334
335
336
338
341
344
345
348
349
350
352
353
354
357
358
359
360
361
363
364
365
366
368
370
371
372
375
377
378
379
382
383
385
386
387
390
391
393
394
395
396
397
400
401
402
403
405
409
411
412
413
414
415
417
420
421
422
423
424
425
426
429
430
431
433
436
438
440
442
443
444
445
449
450
451
452
453
457
458
463
466
469
470
473
481
483
484
485
486
490
492
494
497
503
505
508
512
514
515
518
519
523
524
525
526
529
530
532
537
539
540
541
544
545
546
547
549
550
551
553
554
555
556
557
559
561
563
564
568
569
572
576
579
582
587
588
589
591
592
593
596
597
598
599
606
607
608
611
612
613
614
615
616
617
618
619
620
622
623
626
627
629
630
631
632
638
639
640
642
643
644
645
646
647
649
651
652
653
656
658
660
661
666
667
669
670
672
675
679
681
682
683
685
687
691
692
693
695
696
698
699
700
701
702
703
704
705
707
711
713
715
718
723
724
727
729
730
734
736
737
743
744
746
749
750
751
752
753
754
757
758
760
769
773
775
776
778
779
781
784
787
788
790
791
792
793
794
801
802
803
804
809
811
814
815
817
820
821
824
826
827
829
833
836
837
841
844
845
848
853
856
858
860
862
863
864
869
871
873
874
878
885
886
887
888
891
893
896
902
904
906
909
911
912
913
916
918
919
923
924
925
926
927
931
932
934
940
942
943
945
946
949
951
954
956
957
960
961
964
965
966
967
970
974
975
977
979
981
982
983
984
985
986
988
989
993
994
995
996
999
1001
1005
1007
1009
1010
1011
1013
1014
1015
1017
1021
1022
1023
1024
1027
1028
1029
1031
1032
1035
1036
1037
1038
1039
1042
1044
1045
1046
1048
1049
1051
1055
1057
1059
1064
1066
1069
1071
1072
1073
1077
1080
1084
1085
1086
1090
1091
1094
1098
1102
1103
1105
1106
1107
1109
1116
1119
1120
1121
1124
1125
1126
1128
1129
1133
1136
1137
1141
1142
1144
1146
1147
1150
1155
1156
1157
1160
1163
1166
1170
1172
1173
1178
1183
1184
1188
1189
1190
1191
1195
1196
1202
1204
1205
1206
1207
1215
1217
1218
1221
1223
1224
1225
1229
1230
1232
1233
1234
1236
1237
1238
1239
1240
1242
1243
1244
1245
1247
1251
1253
1259
1260
1261
1262
1263
1264
1268
1269
1270
1271
1273
1274
1275
1276
1279
1280
1283
1284
1288
1289
1294
1296
1297
1298
1299
1300
1305
1306
1307
1309
1310
1314
1316
1317
1318
1319
1321
1323
1324
1325
1329
1331
1336
1337
1342
1345
1346
1347
1350
1351
1352
1353
1358
1360
1363
1365
1368
1369
1374
1375
1376
1379
1381
1382
1384
1385
1388
1389
1390
1391
1393
1395
1397
1398
1400
1401
1402
1404
1406
1408
1411
1412
1414
1415
1416
1417
1422
1423
1424
1428
1431
1432
1433
1436
1437
1439
1441
1443
1445
1446
1448
1449
1450
1452
1453
1454
1455
1458
1462
1463
1465
1467
1469
1470
1471
1472
1473
1474
1476
1478
1480
1481
1482
1483
1484
1486
1489
1490
1492
1493
1494
1495
1497
1498
1500
1502
1503
1504
1505
1509
1511
1513
1515
1516
1517
1520
1521
1522
1524
1528
1529
1530
1534
1537
1538
1539
1542
1543
1544
1545
1546
1547
1548
1552
1553
1554
1556
1557
1559
1560
1563
1565
1566
1567
1568
1569
1574
1575
1578
1580
1582
1592
1594
1597
1601
1606
1608
1609
1610
1611
1613
1615
1616
1617
1618
1619
1620
1622
1624
1625
1628
1629
1630
1632
1634
1636
1637
1639
1640
1641
1642
1643
1644
1645
1647
1648
1649
1650
1651
1655
1657
1659
1660
1661
1664
1666
1668
1670
1673
1675
1676
1679
1680
1682
1686
1688
1694
1700
1702
1704
1705
1709
1710
1713
1714
1715
1718
1719
1720
1724
1728
1730
1731
1735
1738
1740
1742
1746
1747
1748
1749
1750
1752
1753
1755
1757
1758
1760
1761
1762
1764
1769
1770
1772
1774
1775
1776
1777
1779
1783
1786
1789
1796
1806
1810
1811
1812
1813
1815
1816
1817
1821
1823
1824
1827
1828
1830
1831
1832
1833
1834
1835
1836
1838
1839
1844
1846
1847
1848
1855
1857
1859
1860
1861
1862
1863
1864
1866
1867
1869
1871
1874
1881
1885
1887
1890
1891
1892
1893
1894
1900
1901
1902
1903
1906
1907
1908
1910
1912
1915
1918
1920
1921
1922
1923
1927
1933
1935
1945
1950
1954
1962
1964
1965
1967
1971
1972
1979
1983
1986
1989
1991
1994
1996
1997
2000
2003
2006
2008
2012
2014
2016
2017
2019
2022
2023
2025
2026
2027
2029
2031
2034
2036
2037
2038
2040
2041
2042
2046
2049
2052
2053
2056
2057
2059
2060
2061
2062
2063
2064
2065
2070
2071
2078
2080
2082
2084
2086
2088
2092
2093
2094
2097
2100
2101
2103
2105
2106
2107
2108
2111
2114
2117
2120
2121
2123
2126
2127
2128
2138
2144
2146
2148
2149
2150
2151
2155
2159
2160
2161
2165
2166
2168
2169
2170
2171
2174
2179
2180
2182
2186
2187
2188
2190
2191
2192
2194
2196
2197
2198
2199
2203
2204
2206
2207
2208
2211
2213
2214
2215
2217
2218
2220
2223
2225
2226
2228
2230
2231
2236
2237
2238
2240
2241
2242
2243
2249
2250
2251
2252
2253
2254
2256
2257
2258
2259
2260
2265
2268
2270
2272
2274
2275
2276
2278
2281
2284
2287
2289
2301
2302
2304
2305
2306
2307
2309
2310
2312
2313
2319
2320
2321
2322
2323
2324
2326
2330
2331
2333
2335
2336
2337
2341
2342
2343
2344
2346
2347
2348
2350
2356
2358
2361
2362
2363
2365
2367
2369
2370
2372
2373
2374
2376
2378
2386
2389
2391
2393
2396
2401
2402
2408
2409
2410
2412
2415
2418
2419
2420
2421
2422
2423
2424
2426
2428
2429
2431
2432
2435
2436
2437
2440
2446
2449
2450
2451
2453
2454
2455
2456
2457
2460
2461
2462
2464
2465
2468
2469
2476
2478
2479
2480
2481
2482
2488
2491
2496
2497
2501
2502
2503
2504
2506
2507
2510
2511
2513
2517
2520
2522
2525
2526
2527
2528
2531
2536
2537
2540
2541
2542
2543
2544
2548
2549
2552
2553
2556
2557
2559
2560
2561
2562
2563
2566
2571
2572
2574
2575
2577
2580
2584
2587
2589
2590
2593
2595
2599
2600
2601
2602
2605
2609
2610
2613
2614
2618
2619
2623
2625
2629
2632
2635
2636
2637
2644
2645
2646
2647
2649
2650
2651
2653
2655
2656
2658
2659
2661
2672
2674
2676
2678
2679
2682
2687
2689
2690
2691
2692
2693
2694
2696
2699
2701
2705
2706
2707
2713
2718
2723
2726
2727
2729
2731
2732
2733
2735
2739
2742
2743
2747
2748
2751
2755
2757
2764
2767
2769
2771
2772
2773
2775
2777
2781
2782
2784
2785
2787
2788
2789
2790
2791
2792
2793
2794
2796
2797
2798
2799
2800
2802
2803
2804
2805
2812
2813
2814
2815
2816
2819
2820
2821
2823
2824
2826
2827
2832
2833
2839
2840
2843
2846
2848
2853
2854
2855
2857
2860
2862
2863
2864
2865
2867
2868
2869
2870
2873
2879
2881
2882
2884
2885
2886
2888
2891
2894
2895
2897
2900
2904
2905
2909
2913
2915
2916
2917
2920
2922
2923
2924
2925
2927
2929
2930
2932
2933
2936
2938
2939
2940
2941
2943
2945
2946
2949
2950
2951
2960
2961
2965
2967
2969
2970
2972
2975
2977
2978
2983
2984
2986
2987
2988
2989
2990
2993
2998
2999
3000
3002
3004
3005
3007
3009
3011
3014
3015
3016
3018
3021
3023
3030
3031
3033
3035
3037
3038
3039
3040
3042
3043
3044
3047
3049
3051
3053
3055
3058
3061
3062
3064
3065
3068
3069
3071
3072
3074
3076
3077
3079
3084
3086
3088
3089
3092
3099
3100
3101
3103
3104
3107
3108
3110
3111
3113
3114
3116
3117
3118
3121
3127
3128
3130
3131
3135
3138
3139
3140
3142
3146
3147
3148
3152
3154
3158
3162
3165
3168
3176
3177
3178
3179
3180
3186
3187
3188
3192
3196
3198
3201
3202
3203
3206
3207
3210
3213
3215
3222
3226
3228
3229
3231
3233
3235
3236
3239
3241
3243
3245
3249
3250
3252
3253
3254
3257
3258
3259
3260
3261
3262
3266
3267
3270
3271
3272
3273
3276
3277
3278
3281
3282
3283
3285
3286
3291
3293
3294
3296
3297
3298
3300
3306
3311
3313
3315
3316
3318
3324
3333
3337
3339
3340
3341
3343
3345
3346
3347
3348
3350
3351
3352
3357
3358
3363
3364
3367
3368
3369
3371
3372
3373
3374
3375
3376
3377
3379
3380
3384
3385
3386
3387
3391
3392
3395
3398
3401
3402
3403
3408
3409
3411
3414
3415
3416
3417
3418
3419
3422
3423
3425
3428
3429
3431
3432
3434
3439
3440
3445
3447
3453
3456
3458
3459
3464
3465
3475
3476
3477
3479
3482
3485
3487
3494
3496
3497
3498
3499
3500
3502
3503
3505
3509
3510
3511
3512
3513
3517
3518
3519
3520
3525
3527
3533
3534
3535
3536
3538
3543
3544
3548
3551
3552
3554
3556
3557
3558
3560
3562
3563
3564
3565
3568
3572
3577
3580
3582
3583
3584
3585
3586
3588
3590
3593
3597
3598
3601
3607
3608
3612
3615
3624
3632
3637
3641
3644
3650
3655
3656
3659
3667
3668
3669
3672
3673
3674
3676
3678
3679
3680
3681
3684
3686
3687
3688
3689
3690
3691
3694
3701
3703
3704
3714
3715
3717
3718
3719
3734
3738
3742
3744
3749
3750
3754
3765
3766
3769
3773
3777
3778
3783
3784
3785
3787
3792
3797
3801
3802
3805
3806
3810
3811
3814
3815
3817
3822
3828
3830
3831
3832
3836
3837
3841
3843
3847
3851
3852
3853
3854
3855
3856
3860
3861
3862
3863
3869
3871
3872
3876
3877
3879
3881
3882
3883
3884
3885
3886
3890
3891
3895
3897
3901
3902
3903
3917
3918
3921
3923
3924
3925
3928
3929
3930
3932
3933
3935
3936
3937
3938
3942
3943
3944
3945
3948
3949
3951
3952
3953
3954
3955
3957
3958
3960
3964
3965
3966
3971
3972
3973
3978
3982
3984
3985
3986
3989
3993
3994
3995
3996
3997
4001
4002
4003
4007
4008
4009
4010
4011
4016
4017
4022
4024
4026
4028
4029
4030
4032
4034
4036
4037
4040
4041
4043
4045
4047
4053
4059
4060
4061
4062
4065
4067
4069
4073
4075
4080
4081
4082
4085
4087
4089
4091
4093
4095
4096
4097
4098
4101
4102
4104
4111
4112
4114
4116
4117
4118
4119
4120
4122
4124
4127
4128
4134
4143
4146
4150
4154
4157
4160
4161
4162
4164
4166
4168
4170
4171
4172
4174
4177
4184
4186
4187
4188
4193
4195
4196
4197
4198
4199
4200
4202
4205
4206
4207
4214
4216
4217
4219
4221
4223
4232
4242
4244
4251
4252
4253
4255
4257
4260
4267
4269
4282
4287
4288
4293
4295
4297
4300
4302
4305
4306
4311
4313
4314
4317
4318
4319
4321
4323
4324
4325
4326
4329
4331
4332
4333
4334
4337
4338
4339
4341
4342
4344
4345
4346
4351
4352
4354
4356
4358
4359
4361
4363
4367
4371
4373
4376
4377
4380
4382
4383
4386
4387
4389
4390
4391
4392
4394
4398
4402
4403
4404
4405
4407
4409
4411
4412
4413
4414
4417
4419
4420
4423
4424
4425
4426
4430
4432
4435
4448
4450
4451
4453
4459
4464
4465
4472
4478
4484
4485
4487
4488
4489
4491
4498
4501
4503
4505
4508
4512
4513
4514
4515
4518
4519
4520
4521
4522
4523
4524
4527
4528
4530
4532
4533
4535
4537
4539
4541
4544
4545
4552
4554
4555
4558
4560
4562
4563
4565
4566
4569
4571
4573
4578
4579
4582
4583
4588
4590
4594
4596
4598
4599
4600
4602
4604
4605
4606
4607
4608
4611
4614
4615
4616
4618
4619
4620
4621
4627
4658
4659
4660
4661
4663
4672
4673
4674
4683
4685
4691
4692
4693
4695
4696
4698
4699
4700
4701
4702
4703
4704
4709
4711
4713
4714
4717
4721
4722
4727
4728
4729
4738
4739
4741
4745
4749
4752
4753
4757
4758
4760
4764
4766
4767
4769
4772
4775
4780
4784
4790
4791
4794
4797
4799
4800
4803
4804
4805
4806
4810
4811
4814
4816
4817
4821
4832
4833
4834
4839
4841
4843
4844
4845
4850
4852
4853
4854
4855
4860
4864
4865
4866
4870
4871
4874
4875
4876
4880
4881
4884
4887
4890
4891
4895
4897
4902
4903
4906
4908
4909
4918
4920
4921
4926
4929
4930
4931
4935
4938
4939
4940
4941
4943
4944
4949
4952
4953
4954
4955
4956
4957
4958
4959
4960
4961
4962
4964
4967
4968
4969
4970
4973
4977
4981
4982
4983
4984
4986
4997
4998
5001
5003
5010
5015
5016
5020
5021
5024
5027
5029
5032
5033
5034
5038
5039
5047
5048
5053
5056
5057
5059
5061
5064
5067
5068
5069
5073
5076
5081
5090
5091
5100
5103
5105
5112
5117
5121
5122
5126
5128
5131
5134
5136
5137
5138
5140
5141
5143
5144
5147
5148
5154
5156
5159
5161
5164
5166
5169
5173
5181
5182
5187
5188
5189
5190
5191
5196
5202
5203
5207
5210
5214
5216
5220
5222
5223
5224
5227
5229
5230
5235
5238
5242
5243
5244
5246
5247
5249
5251
5253
5255
5257
5258
5265
5267
5268
5269
5271
5279
5280
5284
5285
5297
5300
5302
5303
5304
5305
5307
5310
5315
5316
5317
5318
5320
5322
5325
5326
5328
5331
5332
5333
5334
5335
5340
5344
5349
5351
5355
5359
5363
5365
5367
5376
5382
5383
5384
5396
5402
5403
5406
5407
5414
5417
5422
5424
5425
5427
5429
5430
5435
5437
5441
5443
5449
5451
5452
5456
5459
5469
5478
5483
5489
5491
5496
5497
5498
5502
5503
5504
5507
5510
5511
5515
5517
5525
5529
5530
5531
5532
5534
5537
5538
5539
5541
5542
5543
5547
5548
5550
5563
5565
5568
5572
5575
5580
5581
5584
5585
5586
5593
5594
5599
5603
5604
5606
5607
5608
5610
5612
5613
5617
5622
5624
5626
5627
5630
5631
5632
5637
5639
5646
5648
5649
5651
5660
5663
5667
5674
5675
5677
5680
5681
5683
5684
5687
5691
5692
5696
5697
5703
5704
5705
5707
5713
5720
5722
5723
5724
5725
5728
5729
5730
5737
5746
5749
5753
5754
5756
5760
5761
5762
5763
5769
5770
5772
5773
5774
5776
5777
5779
5780
5783
5787
5788
5792
5793
5794
5796
5801
5803
5806
5808
5810
5811
5813
5814
5817
5829
5834
5835
5836
5837
5838
5839
5840
5848
5850
5852
5856
5862
5863
5865
5868
5869
5872
5873
5874
5875
5877
5882
5886
5888
5889
5891
5895
5899
5907
5908
5911
5916
5917
5931
5932
5934
5936
5938
5941
5942
5944
5946
5947
5948
5951
5952
5953
5954
5955
5956
5957
5959
5960
5963
5965
5966
5972
5973
5974
5976
5978
5983
5987
5989
5991
5992
5993
5994
5995
5997
5998
5999
6001
6003
6004
6005
6007
6008
6011
6012
6013
6014
6019
6020
6021
6023
6024
6027
6028
6029
6035
6036
6041
6042
6047
6050
6051
6063
6070
6072
6073
6074
6075
6076
6078
6084
6085
6088
6093
6097
6101
6102
6103
6104
6106
6109
6113
6115
6124
6126
6130
6131
6132
6134
6136
6137
6140
6141
6142
6144
6146
6147
6150
6153
6155
6158
6159
6160
6162
6166
6168
6170
6171
6172
6173
6176
6178
6181
6182
6183
6197
6210
6215
6221
6229
6242
6243
6244
6245
6249
6250
6261
6262
6263
6267
6276
6290
6291
6297
6303
6304
6305
6319
6321
6322
6326
6327
6329
6330
6331
6332
6335
6337
6338
6342
6343
6346
6349
6350
6352
6353
6358
6359
6360
6361
6362
6367
6369
6371
6372
6375
6376
6377
6378
6379
6381
6383
6393
6397
6400
6401
6402
6412
6414
6416
6417
6419
6424
6427
6431
6435
6437
6445
6448
6454
6456
6457
6459
6460
6461
6464
6466
6472
6473
6476
6477
6478
6479
6484
6487
6489
6491
6492
6494
6495
6497
6498
6500
6501
6502
6503
6504
6505
6507
6510
6512
6513
6514
6515
6516
6517
6518
6519
6520
6521
6522
6524
6527
6528
6529
6531
6532
6547
6550
6557
6560
6561
6562
6563
6564
6565
6580
6584
6585
6586
6589
6590
6591
6593
6594
6596
6597
6599
6601
6602
6605
6607
6609
6616
6621
6622
6623
6626
6633
6634
6635
6636
6638
6647
6649
6651
6653
6654
6656
6657
6658
6659
6666
6667
6670
6671
6672
6673
6677
6678
6679
6684
6685
6686
6687
6688
6690
6692
6696
6697
6700
6701
6703
6705
6707
6708
6709
6715
6718
6719
6720
6721
6723
6724
6728
6730
6731
6732
6733
6734
6741
6745
6751
6752
6754
6755
6756
6761
6763
6764
6767
6768
6769
6771
6774
6776
6777
6779
6780
6782
6784
6785
6786
6787
6788
6791
6792
6794
6795
6797
6798
6804
6806
6808
6817
6818
6820
6821
6823
6829
6836
6844
6845
6846
6848
6851
6852
6853
6858
6859
6860
6861
6864
6865
6866
6871
6872
6873
6874
6875
6878
6879
6881
6885
6888
6889
6895
6900
6902
6905
6912
6928
6929
6939
6940
6941
6946
6947
6948
6951
6953
6954
6955
6956
6958
6961
6963
6964
6966
6968
6978
6979
6980
6981
6987
6989
6990
6993
7012
7014
7020
7022
7024
7028
7029
7034
7035
7036
7040
7041
7042
7045
7049
7050
7053
7060
7061
7062
7063
7068
7069
7070
7072
7077
7080
7081
7082
7083
7084
7086
7089
7090
7095
7101
7102
7104
7107
7108
7112
7115
7116
7117
7118
7119
7120
7122
7127
7129
7131
7137
7138
7140
7144
7147
7149
7150
7151
7154
7155
7158
7160
7161
7164
7165
7166
7170
7171
7172
7173
7175
7176
7177
7178
7179
7185
7194
7195
7197
7200
7201
7205
7206
7207
7208
7209
7210
7230
7242
7243
7246
7247
7248
7250
7251
7253
7255
7263
7269
7276
7278
7281
7286
7290
7293
7300
7303
7306
7311
7312
7313
7315
7321
7324
7326
7329
7331
7332
7333
7335
7338
7341
7342
7344
7346
7347
7349
7350
7351
7357
7359
7370
7371
7372
7380
7384
7386
7387
7393
7394
7399
7400
7401
7405
7406
7407
7408
7412
7413
7414
7415
7416
7417
7419
7421
7422
7428
7429
7430
7431
7433
7439
7440
7444
7445
7452
7453
7460
7461
7471
7480
7485
7486
7487
7490
7496
7498
7499
7501
7505
7506
7510
7513
7514
7515
7519
7527
7531
7534
7538
7549
7551
7555
7561
7562
7566
7572
7574
7577
7585
7590
7592
7595
7599
7600
7607
7608
7614
7615
7616
7618
7624
7629
7632
7633
7634
7635
7636
7638
7640
7643
7644
7645
7652
7653
7661
7662
7666
7670
7675
7676
7693
7697
7711
7717
7719
7723
7724
7725
7726
7730
7732
7733
7741
7743
7744
7746
7749
7752
7754
7757
7758
7759
7761
7762
7764
7767
7768
7769
7770
7771
7773
7774
7776
7777
7783
7784
7787
7788
7793
7794
7796
7802
7805
7806
7816
7821
7825
7828
7829
7830
7831
7840
7843
7845
7849
7856
7862
7863
7865
7866
7867
7871
7872
7875
7880
7881
7883
7890
7891
7893
7895
7896
7899
7900
7904
7905
7908
7909
7912
7915
7916
7918
7922
7929
7932
7933
7940
7944
7948
7955
7958
7959
7961
7965
7970
7971
7973
7974
7976
7977
7979
7981
7988
7993
7994
7999
8000
8001
8002
8003
8008
8017
8019
8020
8022
8023
8024
8025
8027
8030
8031
8032
8036
8038
8042
8043
8045
8055
8056
8057
8058
8060
8061
8062
8064
8065
8072
8075
8076
8080
8083
8084
8090
8093
8100
8105
8106
8107
8108
8109
8112
8114
8115
8123
8129
8130
8133
8136
8138
8139
8145
8149
8150
8153
8155
8156
8159
8166
8167
8169
8171
8172
8173
8174
8175
8176
8178
8183
8184
8186
8187
8191
8200
8203
8215
8218
8219
8224
8227
8228
8232
8236
8237
8238
8242
8243
8245
8246
8250
8254
8259
8261
8262
8267
8271
8272
8273
8274
8275
8276
8278
8279
8280
8281
8282
8285
8286
8290
8291
8293
8301
8305
8310
8313
8315
8317
8320
8330
8335
8339
8344
8347
8351
8354
8355
8362
8365
8367
8368
8373
8375
8376
8380
8381
8384
8388
8389
8390
8391
8394
8397
8405
8406
8413
8414
8415
8416
8420
8423
8427
8429
8430
8431
8433
8434
8435
8436
8437
8439
8452
8453
8458
8461
8462
8463
8466
8471
8474
8476
8477
8479
8483
8484
8486
8487
8494
8496
8498
8501
8502
8503
8508
8512
8514
8523
8525
8526
8527
8530
8534
8539
8541
8542
8548
8550
8552
8553
8554
8558
8559
8562
8568
8569
8571
8572
8575
8577
8578
8587
8588
8590
8591
8592
8593
8594
8604
8608
8609
8616
8627
8629
8643
8644
8649
8650
8651
8652
8653
8657
8659
8662
8665
8666
8671
8674
8677
8678
8679
8681
8682
8683
8684
8686
8694
8695
8696
8697
8699
8700
8702
8703
8705
8707
8709
8711
8712
8716
8717
8719
8724
8725
8729
8730
8731
8732
8734
8735
8736
8740
8742
8743
8744
8745
8750
8754
8755
8756
8757
8760
8764
8767
8769
8773
8774
8775
8776
8777
8778
8784
8785
8787
8788
8789
8790
8791
8792
8795
8796
8797
8799
8800
8801
8802
8803
8804
8806
8807
8809
8821
8824
8825
8827
8835
8839
8840
8841
8844
8846
8851
8859
8860
8861
8862
8867
8869
8870
8874
8880
8882
8884
8885
8890
8894
8899
8900
8903
8906
8908
8914
8916
8919
8928
8930
8934
8941
8942
8946
8947
8948
8949
8951
8953
8954
8960
8961
8964
8966
8969
8970
8971
8972
8974
8976
8978
8979
8981
8983
8985
8986
8988
8989
8991
8992
9000
9001
9007
9010
9014
9016
9021
9033
9046
9051
9056
9057
9058
9071
9072
9076
9080
9083
9084
9086
9087
9089
9090
9091
9093
9101
9102
9106
9112
9116
9124
9129
9135
9136
9138
9139
9142
9144
9148
9154
9155
9159
9160
9161
9162
9165
9166
9168
9170
9174
9175
9176
9180
9189
9191
9206
9225
9229
9231
9232
9235
9236
9241
9243
9244
9250
9251
9252
9254
9258
9259
9260
9264
9282
9284
9290
9292
9293
9296
9298
9303
9306
9307
9310
9312
9313
9316
9319
9322
9323
9329
9330
9331
9332
9335
9336
9340
9344
9345
9347
9360
9362
9363
9364
9365
9366
9370
9373
9376
9377
9382
9384
9385
9388
9389
9394
9397
9400
9401
9402
9403
9404
9405
9410
9412
9413
9414
9415
9419
9421
9425
9426
9429
9430
9431
9434
9435
9437
9440
9441
9444
9454
9456
9457
9458
9468
9469
9477
9478
9479
9480
9488
9493
9495
9496
9502
9504
9505
9507
9508
9510
9511
9512
9523
9528
9530
9532
9533
9534
9537
9546
9549
9550
9551
9553
9555
9559
9567
9573
9574
9575
9582
9591
9592
9597
9598
9600
9612
9613
9619
9622
9624
9625
9628
9629
9633
9637
9639
9641
9643
9645
9648
9655
9656
9657
9661
9668
9671
9681
9682
9686
9690
9691
9695
9708
9713
9714
9715
9723
9725
9727
9729
9736
9738
9739
9740
9743
9745
9746
9749
9750
9751
9754
9755
9756
9762
9766
9773
9774
9775
9776
9777
9778
9782
9788
9794
9795
9796
9797
9798
9800
9804
9813
9814
9816
9817
9818
9819
9820
9824
9826
9827
9839
9841
9842
9845
9846
9848
9849
9858
9859
9864
9867
9868
9869
9874
9876
9877
9881
9895
9959
9965
9974
9976
9991
9994
9995
9996
9998
10000
10001
10002
10003
10011
10014
10021
10022
10023
10029
10030
10040
10045
10052
10053
10057
10061
10063
10064
10068
10071
10074
10076
10077
10078
10079
10084
10085
10091
10094
10096
10104
10108
10110
10112
10114
10117
10120
10126
10130
10132
10144
10152
10153
10156
10158
10159
10162
10163
10165
10170
10171
10177
10187
10191
10192
10195
10198
10200
10205
10209
10211
10212
10214
10219
10221
10225
10227
10233
10239
10245
10249
10250
10255
10258
10259
10267
10269
10273
10276
10281
10282
10284
10294
10295
10296
10305
10306
10308
10313
10314
10315
10317
10318
10319
10326
10327
10330
10335
10338
10348
10353
10355
10357
10359
10363
10364
10365
10370
10376
10378
10379
10380
10385
10388
10393
10394
10396
10397
10399
10403
10404
10406
10410
10413
10414
10415
10416
10417
10419
10420
10421
10422
10425
10426
10427
10429
10430
10432
10433
10436
10438
10441
10443
10445
10447
10448
10449
10450
10453
10460
10466
10470
10471
10472
10473
10474
10476
10477
10481
10485
10486
10487
10488
10489
10491
10499
10500
10504
10505
10506
10511
10512
10519
10530
10533
10534
10542
10543
10546
10547
10548
10549
10552
10553
10555
10556
10558
10559
10560
10565
10567
10573
10575
10577
10582
10589
10596
10599
10605
10607
10608
10610
10619
10621
10623
10624
10630
10631
10634
10635
10636
10637
10639
10643
10646
10647
10648
10650
10651
10657
10658
10661
10662
10669
10674
10676
10678
10681
10691
10697
10698
10699
10701
10702
10704
10720
10721
10723
10727
10728
10731
10733
10734
10738
10742
10743
10746
10749
10750
10766
10768
10772
10775
10778
10781
10782
10792
10801
10802
10803
10806
10809
10812
10814
10821
10824
10826
10828
10829
10838
10839
10840
10841
10843
10845
10846
10847
10849
10851
10854
10859
10881
10883
10886
10892
10894
10895
10903
10905
10906
10907
10908
10911
10913
10915
10916
10926
10937
10938
10939
10950
10951
10965
10970
10974
10979
10982
10986
10988
10997
10999
11000
11002
11008
11009
11012
11018
11022
11024
11045
11052
11054
11057
11058
11074
11075
11078
11083
11084
11098
11099
11101
11102
11104
11105
11107
11124
11130
11134
11137
11139
11143
11147
11152
11155
11158
11162
11165
11167
11169
11172
11177
11180
11187
11190
11191
11192
11198
11201
11202
11205
11210
11217
11218
11222
11225
11227
11231
11237
11239
11242
11243
11245
11246
11247
11248
11252
11253
11258
11260
11262
11281
11288
11289
11290
11294
11297
11298
11301
11313
11316
11318
11320
11324
11325
11332
11336
11340
11346
11364
11366
11368
11375
11376
11377
11380
11395
11397
11400
11403
11406
11408
11409
11413
11418
11427
11449
11451
11453
11454
11455
11456
11470
11474
11476
11478
11479
11484
11489
11496
11497
11503
11504
11508
11510
11516
11518
11519
11521
11538
11541
11543
11544
11545
11547
11548
11549
11553
11555
11560
11562
11563
11565
11567
11569
11573
11574
11575
11576
11577
11578
11579
11580
11583
11585
11586
11596
11601
11604
11605
11612
11617
11624
11626
11627
11635
11637
11639
11641
11645
11647
11648
11652
11653
11658
11660
11664
11665
11669
11677
11682
11683
11684
11687
11690
11697
11699
11700
11701
11702
11703
11704
11707
11708
11710
11711
11724
11728
11733
11734
11744
11746
11747
11753
11756
11761
11764
11765
11766
11769
11775
11779
11780
11781
11783
11787
11797
11807
11809
11811
11819
11821
11823
11828
11831
11832
11844
11846
11852
11868
11869
11870
11871
11872
11875
11883
11884
11885
11891
11892
11898
11906
11910
11919
11923
11926
11943
11945
11956
11957
11959
11961
11963
11968
11969
11978
11993
12003
12006
12008
12019
12020
12023
12028
12029
12030
12034
12036
12048
12058
12063
12064
12088
12096
12103
12111
12119
12123
12126
12134
12135
12136
12140
12162
12164
12181
12201
12211
12218
12219
12221
12223
12228
12230
12231
12232
12233
12241
12242
12243
12244
12245
12248
12251
12252
12253
12255
12260
12263
12273
12276
12278
12286
12295
12298
12300
12302
12303
12307
12311
12315
12317
12320
12322
12328
12332
12333
12342
12350
12351
12352
12362
12367
12369
12371
12373
12385
12404
12408
12410
12416
12422
12423
12424
12427
12434
12435
12444
12445
12446
12447
12450
12452
12455
12458
12459
12465
12467
12468
12473
12475
12480
12481
12485
12496
12497
12499
12500
12501
12504
12506
12509
12510
12518
12524
12529
12532
12534
12535
12542
12544
12551
12557
12558
12559
12560
12564
12565
12566
12567
12569
12571
12573
12579
12581
12584
12585
12588
12592
12596
12605
12608
12611
12613
12617
12618
12619
12624
12635
12636
12638
12639
12640
12642
12643
12644
12646
12647
12648
12652
12654
12658
12683
12690
12698
12706
12716
12719
12723
12727
12730
12732
12733
12734
12739
12744
12747
12748
12751
12752
12753
12756
12757
12758
12759
12762
12763
12765
12767
12769
12770
12773
12774
12775
12778
12780
12781
12782
12783
12784
12785
12786
12787
12789
12790
12791
12794
12795
12798
12799
12802
12803
12804
12807
12808
12809
12811
12812
12819
12820
12821
12823
12825
12827
12829
12831
12839
12847
12850
12857
12862
12873
12874
12878
12886
12889
12890
12895
12899
12904
12906
12908
12909
12911
12913
12914
12916
12917
12918
12919
12920
12929
12931
12932
12933
12939
12942
12944
12952
12953
12961
12962
12964
12968
12971
12975
12979
12991
12992
12995
12999
13000
13002
13004
13005
13008
13020
13021
13024
13025
13026
13029
13036
13037
13039
13043
13053
13055
13059
13063
13066
13067
13070
13074
13077
13079
13084
13085
13087
13088
13089
13090
13093
13094
13096
13099
13101
13108
13117
13118
13123
13142
13150
13151
13153
13155
13157
13159
13160
13163
13166
13172
13177
13181
13192
13194
13196
13199
13206
13208
13209
13211
13212
13213
13216
13218
13220
13222
13223
13224
13227
13235
13254
13255
13256
13258
13259
13263
13265
13267
13269
13273
13276
13277
13278
13284
13285
13293
13299
13304
13305
13311
13321
13335
13339
13346
13348
13350
13352
13353
13367
13368
13369
13372
13373
13380
13387
13388
13389
13404
13405
13412
13415
13428
13433
13438
13442
13444
13452
13453
13461
13463
13464
13465
13466
13467
13469
13470
13472
13474
13475
13476
13477
13479
13482
13505
13506
13507
13508
13510
13511
13515
13529
13539
13553
13559
13560
13561
13562
13565
13567
13568
13570
13571
13572
13580
13585
13606
13608
13637
13638
13648
13651
13652
13660
13661
13663
13666
13678
13679
13684
13685
13688
13694
13695
13703
13707
13712
13713
13720
13721
13722
13723
13725
13726
13729
13734
13743
13749
13758
13761
13762
13764
13765
13768
13788
13789
13798
13799
13803
13805
13809
13810
13811
13813
13814
13819
13821
13822
13823
13829
13830
13831
13835
13837
13841
13852
13855
13858
13861
13864
13876
13881
13889
13892
13894
13906
13907
13910
13917
13921
13939
13947
13951
13955
13960
13962
13963
13979
13989
13999
14000
14004
14008
14013
14014
14017
14020
14021
14028
14031
14033
14034
14055
14064
14065
14066
14071
14077
14081
14089
14094
14098
14105
14106
14107
14108
14110
14111
14114
14122
14126
14132
14205
14253
14254
14259
14265
14267
14298
14299
14302
14311
14314
14321
14322
14323
14326
14327
14334
14340
14342
14343
14356
14357
14358
14360
14361
14367
14372
14377
14381
14383
14385
14397
14407
14408
14413
14427
14428
14430
14431
14433
14436
14455
14457
14473
14476
14477
14478
14484
14486
14489
14490
14496
14498
14508
14509
14512
14516
14517
14518
14520
14521
14523
14524
14527
14528
14529
14532
14535
14537
14538
14540
14541
14544
14546
14548
14549
14551
14552
14553
14555
14556
14557
14558
14565
14568
14570
14573
14579
14581
14582
14583
14584
14586
14589
14590
14591
14595
14600
14602
14603
14604
14606
14607
14608
14609
14610
14615
14618
14619
14624
14625
14630
14632
14633
14634
14635
14636
14645
14649
14657
14675
14683
14684
14687
14688
14690
14699
14704
14709
14717
14718
14719
14720
14721
14722
14723
14725
14726
14728
14729
14730
14732
14733
14750
14752
14755
14762
14763
14766
14769
14772
14775
14784
14787
14788
14789
14791
14792
14793
14795
14797
14798
14808
14809
14812
14816
14820
14822
14824
14825
14826
14828
14829
14844
14845
14846
14847
14848
14849
14850
14862
14865
14866
14869
14877
14879
14880
14883
14884
14887
14888
14889
14890
14894
14895
14900
14912
14915
14926
14935
14936
14938
14940
14946
14948
14949
14954
14959
14960
14966
14968
14993
15012
15024
15031
15033
15040
15048
15054
15057
15067
15069
15070
15071
15073
15075
15081
15085
15094
15095
15097
15105
15107
15109
15113
15114
15115
15117
15124
15128
15133
15134
15135
15139
15142
15144
15150
15155
15162
15163
15166
15167
15170
15172
15174
15181
15185
15188
15196
15205
15210
15212
15213
15220
15221
15223
15233
15234
15236
15238
15240
15242
15244
15246
15250
15260
15261
15262
15263
15265
15272
15275
15320
15325
15326
15331
15333
15335
15347
15354
15372
15374
15395
15396
15399
15400
15402
15407
15409
15411
15412
15414
15416
15419
15427
15457
15460
15463
15474
15484
15487
15490
15492
15493
15509
15510
15513
15522
15523
15525
15526
15528
15529
15533
15536
15538
15544
15546
15555
15562
15564
15569
15571
15578
15582
15585
15588
15592
15599
15614
15618
15621
15624
15625
15626
15628
15630
15632
15633
15634
15636
15637
15638
15643
15645
15647
15656
15657
15660
15664
15665
15666
15667
15669
15671
15673
15681
15694
15695
15696
15699
15701
15704
15706
15711
15716
15721
15726
15741
15751
15752
15762
15765
15766
15769
15771
15779
15784
15787
15792
15796
15803
15806
15808
15809
15811
15812
15818
15824
15827
15832
15833
15837
15840
15841
15842
15843
15844
15845
15848
15851
15855
15861
15862
15865
15876
15878
15879
15881
15887
15888
15890
15903
15908
15921
15922
15923
15929
15937
15941
15942
15946
15948
15949
15950
15953
15954
15957
15960
15961
15971
15974
15977
15978
15979
15988
16014
16024
16025
16026
16027
16028
16029
16030
16041
16087
16093
16094
16099
16108
16114
16115
16120
16121
16124
16127
16129
16135
16137
16149
16157
16175
16180
16186
16189
16193
16195
16197
16199
16201
16202
16208
16211
16212
16214
16217
16222
16225
16231
16240
16250
16252
16253
16261
16264
16266
16279
16281
16283
16285
16288
16291
16292
16294
16314
16316
16319
16321
16331
16334
16341
16344
16360
16361
16362
16366
16372
16375
16378
16379
16382
16384
16387
16388
16395
16398
16400
16403
16409
16414
16416
16419
16432
16433
16441
16443
16453
16455
16481
16483
16485
16492
16495
16505
16506
16510
16512
16516
16521
16522
16526
16534
16537
16545
16547
16571
16575
16585
16586
16595
16600
16605
16606
16629
16631
16632
16643
16644
16648
16656
16666
16674
16677
16680
16682
16685
16696
16701
16709
16711
16712
16714
16716
16717
16721
16723
16727
16730
16739
16740
16742
16758
16783
16785
16787
16790
16794
16805
16809
16810
16811
16818
16822
16828
16829
16830
16832
16833
16834
16851
16852
16854
16856
16857
16859
16860
16861
16863
16864
16867
16868
16869
16870
16882
16886
16888
16889
16894
16896
16900
16904
16911
16917
16922
16927
16929
16931
16936
16939
16941
16942
16944
16945
16947
16948
16953
16956
16957
16959
16962
16963
16964
16968
16970
16991
16997
16998
17007
17009
17012
17014
17018
17027
17034
17037
17039
17060
17062
17075
17079
17080
17086
17093
17099
17111
17126
17128
17135
17154
17155
17160
17166
17170
17171
17189
17193
17199
17203
17206
17208
17212
17214
17215
17218
17219
17228
17229
17235
17258
17259
17260
17262
17264
17265
17276
17283
17295
17307
17314
17321
17324
17354
17366
17368
17383
17395
17402
17408
17412
17420
17429
17431
17433
17455
17457
17459
17468
17488
17490
17491
17495
17502
17504
17507
17519
17524
17526
17528
17530
17532
17541
17543
17544
17546
17548
17559
17562
17567
17575
17576
17580
17581
17584
17586
17602
17603
17608
17609
17614
17616
17635
17639
17649
17669
17672
17682
17683
17684
17700
17704
17705
17715
17719
17721
17723
17734
17746
17747
17761
17770
17772
17782
17785
17787
17789
17792
17797
17798
17808
17820
17829
17836
17838
17846
17856
17857
17858
17859
17870
17876
17877
17880
17885
17898
17900
17901
17902
17905
17909
17910
17911
17912
17914
17915
17925
17927
17928
17931
17935
17936
17937
17944
17966
17972
17986
17988
17989
17990
17996
17998
18002
18005
18007
18012
18015
18034
18036
18053
18054
18055
18059
18060
18063
18066
18071
18073
18081
18083
18085
18086
18093
18110
18125
18126
18127
18139
18147
18152
18164
18169
18172
18173
18174
18182
18184
18187
18198
18202
18212
18219
18220
18223
18246
18252
18255
18262
18264
18268
18269
18273
18274
18276
18277
18278
18281
18286
18289
18291
18296
18331
18335
18338
18340
18344
18346
18348
18349
18351
18352
18354
18355
18358
18360
18361
18362
18367
18372
18377
18378
18379
18380
18397
18403
18423
18427
18439
18450
18458
18462
18488
18497
18500
18502
18503
18506
18507
18508
18509
18510
18511
18513
18518
18531
18534
18542
18543
18549
18550
18552
18553
18557
18576
18578
18582
18583
18585
18609
18614
18615
18616
18626
18627
18653
18654
18656
18657
18658
18667
18681
18687
18692
18694
18697
18699
18707
18712
18714
18715
18716
18722
18732
18735
18738
18739
18765
18769
18774
18775
18776
18779
18788
18795
18796
18797
18801
18802
18812
18820
18823
18825
18827
18830
18831
18834
18837
18842
18848
18852
18857
18860
18862
18863
18865
18866
18867
18878
18880
18881
18887
18888
18894
18896
18898
18909
18912
18915
18920
18922
18927
18931
18940
18942
18943
18945
18952
18955
18956
18964
18965
18966
18967
18968
18971
18973
18979
18982
18983
18984
18985
18986
18987
18988
18989
18990
18997
19002
19003
19006
19013
19014
19018
19028
19043
19047
19049
19050
19052
19054
19055
19059
19060
19065
19072
19083
19090
19102
19106
19107
19108
19112
19117
19120
19122
19123
19125
19129
19130
19132
19134
19136
19137
19138
19139
19140
19144
19145
19147
19150
19157
19159
19162
19163
19183
19188
19191
19193
19195
19196
19202
19204
19206
19209
19224
19225
19230
19231
19236
19239
19240
19242
19249
19278
19280
19281
19283
19286
19287
19289
19290
19291
19295
19305
19309
19314
19315
19316
19317
19322
19323
19324
19325
19327
19328
19329
19331
19332
19336
19337
19338
19339
19342
19349
19350
19352
19354
19357
19358
19359
19361
19363
19366
19370
19372
19378
19379
19381
19383
19385
19388
19391
19395
19400
19401
19412
19419
19421
19429
19431
19432
19434
19445
19455
19456
19462
19465
19466
19468
19470
19473
19477
19480
19482
19483
19492
19498
19499
19501
19503
19505
19509
19513
19514
19516
19525
19526
19530
19533
19534
19535
19549
19554
19561
19562
19564
19569
19578
19580
19583
19584
19597
19603
19607
19608
19609
19612
19620
19626
19643
19646
19650
19655
19656
19657
19670
19674
19684
19685
19687
19689
19691
19700
19703
19709
19711
19716
19723
19729
19733
19734
19736
19737
19739
19740
19742
19747
19749
19752
19756
19764
19766
19770
19772
19775
19780
19786
19787
19790
19791
19795
19805
19806
19809
19818
19819
19820
19822
19824
19828
19832
19843
19846
19857
19858
19859
19865
19870
19872
19874
19877
19881
19883
19884
19889
19898
19907
19913
19915
19917
19921
19925
19927
19930
19931
19934
19940
19946
19947
19948
19949
19957
19960
19964
19978
19980
19993
19997
19999
20002
20003
20008
20011
20012
20017
20028
20029
20031
20044
20046
20052
20058
20062
20072
20074
20079
20086
20089
20090
20096
20097
20106
20107
20118
20123
20127
20137
20140
20142
20143
20145
20147
20148
20149
20152
20153
20155
20162
20166
20170
20171
20179
20181
20182
20183
20186
20201
20202
20206
20207
20208
20211
20213
20214
20219
20226
20230
20240
20247
20251
20253
20269
20277
20278
20279
20285
20287
20288
20289
20291
20297
20309
20315
20317
20318
20325
20327
20328
20329
20337
20354
20357
20358
20359
20362
20366
20367
20369
20371
20372
20373
20379
20380
20388
20389
20396
20398
20399
20400
20403
20408
20411
20412
20416
20417
20418
20423
20425
20427
20428
20430
20434
20435
20438
20441
20442
20445
20456
20464
20466
20469
20470
20473
20476
20477
20479
20480
20483
20500
20501
20503
20505
20510
20511
20514
20519
20529
20531
20533
20536
20544
20546
20547
20548
20549
20551
20554
20555
20556
20557
20558
20559
20560
20562
20563
20565
20568
20569
20570
20572
20574
20577
20578
20581
20585
20586
20588
20589
20590
20592
20594
20601
20603
20604
20605
20606
20610
20612
20621
20622
20626
20629
20638
20639
20646
20647
20648
20649
20650
20652
20665
20666
20668
20680
20681
20682
20684
20691
20694
20696
20703
20709
20710
20715
20718
20720
20728
20730
20736
20738
20740
20750
20751
20754
20757
20758
20761
20762
20764
20765
20768
20769
20771
20772
20776
20777
20780
20788
20791
20798
20799
20802
20804
20805
20812
20816
20819
20821
20824
20827
20828
20829
20831
20832
20833
20841
20842
20843
20845
20849
20850
20852
20860
20868
20869
20875
20877
20884
20886
20894
20900
20901
20902
20906
20934
20947
20949
20951
20955
20957
20959
20960
20964
20966
20973
20975
20982
20983
20991
20994
20996
20998
21001
21003
21006
21010
21012
21013
21025
21027
21038
21052
21057
21059
21060
21061
21068
21073
21075
21077
21082
21084
21085
21087
21089
21091
21092
21093
21096
21097
21099
21100
21101
21103
21105
21108
21109
21112
21114
21128
21129
21131
21132
21133
21143
21145
21146
21154
21160
21171
21174
21175
21190
21191
21193
21199
21201
21203
21225
21227
21237
21242
21244
21261
21263
21264
21265
21269
21276
21279
21296
21297
21300
21304
21311
21316
21318
21321
21323
21325
21326
21329
21337
21342
21356
21363
21374
21379
21380
21382
21383
21384
21390
21400
21404
21406
21425
21430
21433
21436
21440
21443
21446
21454
21463
21464
21469
21472
21489
21499
21508
21515
21520
21521
21523
21527
21528
21538
21543
21547
21560
21562
21563
21564
21570
21577
21581
21583
21585
21586
21597
21603
21609
21611
21615
21622
21635
21636
21638
21647
21652
21664
21668
21673
21681
21682
21686
21687
21691
21694
21699
21701
21703
21704
21710
21714
21715
21716
21718
21719
21721
21741
21745
21748
21749
21750
21752
21753
21757
21759
21760
21761
21762
21778
21781
21783
21786
21791
21794
21799
21800
21801
21815
21816
21818
21823
21825
21826
21830
21834
21845
21846
21847
21852
21856
21857
21860
21899
21930
21931
21934
21938
21940
21941
21945
21947
21955
21956
21958
21959
21960
21963
21967
21968
21973
21974
21977
21978
21981
21983
21987
21991
21993
21996
21997
21999
22003
22005
22006
22007
22009
22010
22012
22014
22015
22027
22029
22030
22032
22106
22121
22129
22133
22141
22144
22147
22149
22160
22161
22164
22170
22179
22180
22184
22185
22199
22224
22229
22230
22231
22232
22240
22251
22252
22259
22260
22264
22275
22277
22278
22281
22282
22292
22295
22297
22300
22301
22306
22307
22323
22324
22326
22328
22330
22331
22332
22334
22348
22351
22358
22359
22365
22366
22367
22369
22371
22375
22376
22379
22380
22384
22407
22411
22414
22419
22423
22425
22441
22446
22447
22449
22462
22465
22466
22469
22478
22480
22499
22501
22506
22511
22512
22515
22522
22536
22538
22547
22561
22564
22572
22587
22592
22606
22612
22615
22628
22660
22666
22676
22688
22689
22690
22693
22696
22699
22712
22721
22742
22745
22757
22759
22761
22772
22775
22780
22784
22789
22794
22810
22812
22813
22816
22818
22823
22829
22832
22834
22837
22838
22842
22843
22848
22859
22860
22864
22865
22869
22870
22876
22878
22879
22882
22884
22888
22890
22898
22900
22901
22905
22907
22911
22914
22923
22929
22938
22939
22943
22947
22948
22951
22954
22955
22958
22963
22968
22977
22997
23001
23002
23003
23004
23007
23016
23017
23019
23020
23022
23025
23026
23027
23029
23030
23035
23036
23037
23043
23045
23066
23068
23075
23078
23079
23082
23085
23086
23091
23105
23106
23110
23112
23113
23115
23124
23128
23129
23130
23131
23135
23136
23161
23166
23169
23170
23171
23172
23176
23185
23194
23195
23213
23214
23224
23225
23231
23234
23239
23249
23254
23276
23294
23295
23298
23299
23300
23301
23302
23303
23304
23311
23313
23328
23342
23348
23349
23397
23407
23424
23437
23443
23451
23459
23460
23465
23486
23495
23522
23523
23531
23535
23536
23553
23557
23560
23563
23568
23586
23590
23596
23599
23602
23605
23606
23608
23610
23613
23626
23629
23630
23639
23640
23673
23674
23676
23679
23685
23688
23692
23702
23707
23709
23715
23727
23730
23732
23733
23734
23741
23749
23767
23773
23790
23794
23796
23798
23800
23801
23806
23808
23812
23814
23815
23819
23823
23824
23826
23835
23836
23909
23916
23920
23927
23933
23961
23973
23974
23975
23976
23977
23978
23981
23982
23986
23987
23991
23999
24011
24013
24017
24018
24027
24037
24038
24039
24043
24044
24049
24050
24060
24064
24066
24069
24071
24072
24073
24076
24079
24080
24084
24090
24092
24093
24094
24095
24096
24097
24100
24103
24106
24107
24108
24116
24119
24121
24127
24128
24132
24142
24146
24150
24155
24158
24161
24162
24163
24164
24173
24175
24177
24178
24181
24183
24184
24185
24186
24188
24203
24205
24206
24208
24209
24210
24211
24212
24216
24221
24225
24227
24233
24234
24235
24239
24245
24246
24248
24251
24257
24265
24282
24283
24284
24304
24307
24315
24319
24326
24332
24334
24338
24343
24362
24379
24383
24385
24387
24390
24401
24403
24405
24420
24427
24428
24432
24437
24441
24443
24447
24489
24492
24493
24519
24531
24535
24536
24538
24542
24544
24549
24552
24562
24563
24565
24575
24576
24578
24579
24583
24585
24586
24593
24608
24610
24613
24617
24618
24627
24636
24653
24655
24666
24669
24675
24678
24681
24682
24683
24688
24691
24699
24701
24714
24719
24736
24739
24742
24751
24752
24753
24756
24759
24761
24764
24782
24786
24791
24794
24795
24804
24807
24808
24814
24815
24817
24819
24832
24846
24849
24855
24860
24864
24877
24888
24891
24895
24899
24901
24908
24913
24915
24936
24954
24961
24966
24984
24986
24996
24998
24999
25009
25019
25022
25056
25072
25085
25086
25090
25092
25118
25127
25139
25150
25156
25157
25165
25166
25189
25190
25200
25229
25235
25245
25253
25256
25280
25285
25296
25299
25315
25320
25324
25326
25330
25332
25334
25347
25351
25352
25353
25358
25364
25365
25381
25387
25391
25392
25393
25398
25400
25411
25416
25418
25422
25424
25426
25429
25432
25434
25445
25455
25459
25460
25467
25480
25493
25505
25515
25516
25519
25522
25526
25567
25573
25575
25583
25595
25599
25608
25617
25619
25621
25625
25640
25645
25646
25647
25648
25652
25653
25654
25655
25666
25676
25720
25741
25742
25755
25762
25777
25779
25782
25785
25791
25792
25798
25804
25805
25813
25814
25815
25820
25822
25825
25826
25829
25834
25835
25836
25837
25842
25852
25854
25868
25876
25878
25879
25882
25883
25884
25888
25891
25892
25897
25898
25899
25901
25906
25930
25935
25939
25940
25942
25947
25961
25966
25968
25972
25975
25977
25978
25979
25985
25989
26008
26014
26024
26030
26033
26039
26040
26043
26044
26046
26048
26051
26059
26062
26073
26074
26076
26077
26080
26086
26087
26092
26093
26098
26106
26111
26115
26118
26146
26155
26160
26161
26176
26180
26181
26187
26192
26199
26216
26240
26241
26260
26279
26288
26292
26309
26330
26331
26337
26353
26355
26364
26367
26372
26377
26387
26412
26418
26438
26439
26443
26453
26457
26467
26473
26493
26502
26525
26532
26533
26542
26543
26547
26550
26551
26555
26557
26561
26580
26596
26598
26599
26609
26612
26614
26615
26616
26619
26626
26627
26650
26666
26669
26685
26686
26688
26705
26706
26707
26710
26714
26716
26717
26737
26740
26741
26742
26751
26753
26759
26760
26761
26769
26774
26775
26781
26800
26802
26803
26817
26819
26853
26864
26876
26885
26896
26906
26909
26912
26930
26931
26952
26978
27005
27019
27028
27032
27049
27052
27054
27055
27057
27058
27059
27060
27061
27068
27072
27077
27078
27084
27099
27105
27106
27107
27108
27118
27122
27134
27136
27140
27141
27160
27166
27168
27171
27218
27219
27236
27247
27254
27259
27309
27314
27319
27328
27331
27342
27348
27352
27378
27379
27391
27409
27414
27415
27443
27470
27471
27485
27486
27506
27511
27518
27522
27525
27552
27553
27563
27564
27567
27570
27573
27575
27577
27583
27586
27592
27596
27602
27607
27608
27617
27619
27620
27621
27622
27628
27629
27630
27643
27650
27658
27669
27680
27696
27697
27710
27718
27719
27725
27730
27737
27745
27756
27762
27763
27765
27770
27802
27803
27806
27812
27814
27819
27820
27840
27847
27855
27856
27860
27865
27866
27884
27886
27890
27899
27912
27916
27917
27923
27924
27925
27948
27950
27968
27971
27981
27985
27986
28003
28005
28006
28014
28017
28018
28020
28040
28045
28059
28062
28065
28067
28074
28080
28081
28094
28095
28111
28126
28129
28135
28146
28147
28153
28157
28159
28162
28163
28165
28166
28167
28168
28175
28186
28188
28190
28193
28205
28207
28225
28240
28245
28246
28253
28254
28258
28259
28260
28264
28265
28267
28268
28281
28283
28295
28297
28300
28302
28305
28310
28317
28320
28322
28336
28337
28347
28351
28364
28366
28367
28369
28380
28390
28393
28394
28396
28397
28405
28409
28415
28416
28417
28427
28433
28441
28445
28448
28455
28465
28466
28488
28495
28508
28517
28524
28525
28527
28531
28537
28542
28546
28550
28565
28575
28580
28623
28632
28638
28640
28645
28646
28657
28671
28677
28688
28691
28699
28701
28765
28769
28775
28786
28799
28801
28858
28870
28913
28935
28958
28966
29004
29017
29019
29021
29044
29058
29102
29134
29135
29139
29146
29152
29155
29186
29190
29193
29223
29231
29238
29241
29255
29270
29271
29280
29284
29292
29295
29320
29325
29341
29346
29360
29369
29371
29372
29389
29398
29399
29411
29412
29419
29422
29425
29427
29429
29435
29451
29456
29464
29466
29470
29471
29473
29510
29525
29529
29531
29545
29550
29554
29562
29564
29565
29566
29568
29573
29574
29575
29594
29602
29603
29607
29615
29617
29621
29624
29626
29628
29629
29640
29642
29649
29660
29672
29675
29677
29678
29680
29686
29691
29700
29702
29713
29772
29783
29797
29802
29818
29833
29837
29855
29880
29887
29890
29891
29906
29922
29945
29947
29981
29985
29987
29989
29993
29996
29999
30000
30004
30013
30043
30092
30107
30120
30129
30132
30134
30147
30149
30176
30179
30184
30190
30195
30204
30205
30207
30211
30215
30219
30221
30222
30228
30232
30237
30240
30246
30260
30273
30275
30277
30296
30302
30306
30313
30336
30338
30339
30371
30376
30377
30388
30390
30396
30397
30398
30400
30402
30404
30410
30416
30432
30435
30441
30461
30462
30465
30472
30474
30475
30476
30478
30493
30505
30513
30530
30540
30546
30558
30567
30568
30577
30588
30613
30616
30630
30640
30645
30657
30660
30683
30713
30714
30752
30754
30758
30762
30766
30767
30769
30772
30782
30812
30828
30830
30840
30851
30858
30920
30923
30925
30941
30951
30952
30953
30962
30966
30968
30969
30974
30979
30980
30984
30987
30998
31011
31038
31054
31063
31110
31119
31126
31165
31180
31189
31192
31196
31223
31230
31241
31268
31280
31290
31293
31294
31313
31332
31333
31336
31340
31375
31387
31413
31415
31423
31437
31447
31450
31452
31460
31465
31473
31475
31477
31478
31482
31486
31494
31495
31496
31518
31519
31520
31525
31532
31534
31547
31550
31554
31569
31573
31574
31586
31594
31596
31603
31604
31605
31606
31607
31612
31614
31639
31640
31642
31646
31649
31653
31671
31672
31677
31691
31695
31712
31717
31759
31765
31775
31777
31778
31788
31794
31799
31803
31804
31825
31841
31843
31876
31895
31916
31920
31925
31930
31938
31941
31957
31958
31965
31967
31968
31972
31991
31994
32016
32017
32032
32043
32047
32048
32055
32057
32059
32061
32063
32064
32065
32066
32067
32070
32071
32074
32075
32077
32082
32089
32092
32103
32110
32122
32123
32132
32140
32162
32193
32212
32242
32245
32247
32248
32253
32256
32257
32258
32259
32265
32270
32271
32278
32279
32290
32343
32346
32373
32380
32386
32392
32400
32405
32409
32412
32422
32424
32425
32438
32439
32453
32465
32474
32479
32483
32484
32485
32507
32522
32559
32562
32563
32576
32577
32580
32594
32612
32622
32629
32665
32671
32677
32680
32681
32682
32683
32689
32693
32697
32703
32705
32706
32707
32708
32709
32710
32712
32717
32718
32719
32720
32723
32727
32735
32736
32739
32741
32762
32764
32768
32775
32780
32781
32785
32786
32789
32791
32793
32794
32795
32797
32818
32821
32830
32833
32841
32842
32844
32845
32847
32848
32854
32859
32860
32870
32877
32883
32888
32892
32898
32899
32907
32914
32920
32923
32932
32935
32937
32941
32944
32946
32947
32954
32957
32958
32975
32990
32994
32995
33002
33025
33029
33033
33034
33036
33037
33039
33047
33059
33063
33069
33073
33079
33082
33086
33089
33091
33096
33098
33106
33109
33110
33116
33121
33122
33128
33137
33142
33144
33152
33157
33164
33165
33179
33188
33204
33205
33209
33212
33214
33216
33226
33231
33234
33238
33239
33240
33269
33273
33277
33284
33297
33299
33301
33302
33306
33307
33312
33320
33327
33328
33332
33335
33349
33367
33380
33381
33389
33390
33398
33399
33407
33412
33413
33415
33421
33426
33430
33435
33439
33460
33495
33497
33502
33503
33511
33517
33528
33531
33535
33536
33550
33561
33597
33603
33607
33615
33631
33640
33646
33648
33649
33663
33684
33694
33709
33718
33724
33729
33741
33746
33769
33791
33792
33807
33835
33837
33851
33854
33855
33857
33864
33873
33875
33878
33892
33906
33907
33925
33955
33956
33958
33965
33976
33977
33985
33986
34006
34007
34025
34030
34034
34044
34051
34053
34078
34086
34087
34088
34089
34091
34101
34105
34108
34114
34115
34117
34123
34126
34130
34136
34139
34140
34143
34147
34149
34162
34172
34182
34183
34205
34206
34208
34217
34222
34231
34232
34277
34286
34303
34323
34327
34335
34337
34342
34350
34372
34390
34398
34412
34413
34420
34428
34429
34458
34462
34464
34465
34470
34473
34482
34491
34492
34546
34556
34569
34575
34582
34584
34595
34605
34608
34613
34632
34635
34691
34692
34694
34699
34717
34719
34759
34794
34811
34812
34813
34815
34849
34867
34868
34870
34871
34872
34874
34888
34902
34903
34906
34934
34942
34955
34961
34966
34981
34982
34989
34993
35010
35011
35014
35016
35017
35030
35033
35035
35052
35053
35054
35056
35070
35074
35075
35076
35140
35149
35157
35163
35173
35189
35204
35242
35267
35270
35276
35277
35293
35304
35305
35308
35310
35316
35322
35323
35325
35331
35336
35337
35339
35359
35364
35368
35417
35418
35419
35422
35424
35426
35433
35446
35471
35476
35490
35504
35508
35510
35512
35528
35529
35540
35554
35560
35576
35593
35594
35597
35598
35610
35611
35621
35643
35663
35668
35684
35705
35706
35714
35723
35725
35732
35737
35757
35762
35767
35775
35796
35801
35825
35853
35854
35859
35865
35883
35888
35889
35892
35906
35918
35926
35943
35944
35952
35965
36003
36009
36017
36029
36053
36059
36064
36091
36092
36094
36098
36100
36109
36144
36150
36165
36166
36174
36211
36224
36228
36232
36233
36234
36239
36273
36275
36277
36314
36372
36382
36399
36408
36422
36448
36474
36484
36522
36524
36526
36529
36547
36549
36555
36560
36562
36582
36585
36594
36625
36630
36658
36661
36665
36668
36669
36816
36847
36853
36854
36857
36858
36877
36883
36886
36891
36924
36926
36933
36934
36939
36940
36944
36949
36971
36998
37017
37028
37036
37042
37043
37045
37046
37056
37071
37072
37073
37077
37086
37091
37111
37113
37116
37133
37135
37145
37154
37169
37179
37188
37211
37225
37235
37237
37260
37277
37298
37320
37326
37327
37331
37332
37341
37361
37389
37395
37404
37407
37418
37419
37424
37431
37438
37454
37487
37496
37510
37529
37539
37540
37542
37549
37552
37553
37559
37560
37563
37565
37586
37587
37592
37596
37617
37618
37635
37650
37651
37665
37666
37680
37691
37723
37735
37742
37745
37746
37776
37780
37784
37787
37789
37794
37795
37802
37804
37805
37807
37833
37837
37858
37877
37879
37882
37897
37916
37934
37948
37955
37957
37962
37963
37967
37971
37973
38001
38010
38011
38028
38070
38088
38091
38095
38107
38132
38169
38218
38234
38236
38278
38281
38282
38283
38292
38303
38345
38351
38357
38361
38363
38367
38371
38376
38386
38400
38413
38443
38447
38461
38474
38495
38501
38507
38510
38514
38528
38529
38574
38588
38598
38645
38692
38695
38702
38720
38727
38757
38770
38773
38774
38776
38783
38787
38856
38868
38871
38872
38873
38874
38878
38886
38887
38888
38909
38917
38920
38927
38928
38940
38955
38957
38960
38962
38968
38970
38971
38994
39000
39009
39057
39067
39068
39111
39125
39129
39157
39175
39176
39179
39189
39192
39200
39202
39203
39236
39246
39303
39304
39316
39318
39320
39324
39345
39346
39347
39407
39442
39460
39471
39494
39509
39517
39523
39528
39529
39540
39618
39630
39631
39634
39637
39639
39640
39642
39658
39659
39667
39668
39670
39674
39679
39687
39689
39696
39697
39733
39759
39769
39779
39787
39795
39828
39829
39835
39836
39860
39868
39877
39898
39902
39907
39923
39928
39968
39991
40009
40013
40014
40022
40024
40029
40061
40066
40067
40099
40107
40110
40111
40112
40114
40126
40147
40158
40159
40160
40165
40187
40212
40215
40216
40217
40227
40233
40235
40255
40269
40278
40279
40301
40328
40329
40337
40341
40344
40353
40357
40377
40388
40390
40396
40397
40433
40435
40436
40438
40449
40472
40473
40475
40495
40516
40527
40533
40557
40559
40587
40598
40601
40644
40649
40650
40656
40663
40683
40709
40756
40763
40822
40833
40844
40845
40846
40852
40853
40887
40892
40899
40906
40913
40914
40916
40937
40941
40946
40951
40984
40990
41008
41023
41025
41027
41051
41061
41076
41091
41093
41097
41109
41115
41131
41132
41141
41149
41159
41163
41172
41175
41180
41189
41202
41219
41221
41233
41243
41254
41268
41270
41272
41279
41281
41291
41321
41323
41356
41357
41376
41380
41408
41410
41427
41433
41466
41517
41519
41522
41523
41530
41537
41541
41542
41564
41571
41579
41589
41597
41624
41630
41637
41640
41658
41663
41670
41671
41676
41677
41687
41714
41718
41721
41739
41746
41747
41750
41760
41761
41766
41779
41804
41826
41835
41839
41857
41858
41860
41883
41884
41941
41951
41953
41964
41966
41983
41998
42001
42039
42041
42057
42059
42097
42103
42115
42125
42136
42141
42148
42155
42156
42164
42165
42181
42198
42205
42227
42228
42266
42284
42326
42340
42346
42380
42384
42423
42433
42443
42457
42538
42572
42583
42594
42599
42607
42650
42655
42658
42738
42775
42811
42889
42899
42905
42930
42940
42954
42993
42995
42998
43002
43004
43056
43059
43101
43130
43145
43170
43183
43197
43213
43225
43255
43290
43304
43308
43309
43328
43397
43401
43403
43405
43407
43425
43434
43446
43450
43451
43481
43497
43499
43507
43512
43527
43531
43562
43563
43564
43583
43584
43590
43599
43602
43603
43607
43610
43624
43634
43638
43647
43724
43725
43763
43789
43833
43855
43862
43870
43900
43998
44001
44067
44099
44127
44132
44137
44150
44152
44155
44157
44160
44172
44186
44196
44201
44253
44280
44340
44346
44350
44352
44353
44361
44375
44387
44407
44416
44427
44439
44484
44532
44544
44550
44558
44625
44626
44652
44661
44707
44709
44711
44768
44771
44790
44821
44822
44858
44875
44889
44930
44974
44997
44999
45052
45078
45101
45106
45149
45180
45181
45197
45217
45218
45236
45245
45254
45274
45323
45324
45361
45365
45368
45384
45404
45405
45425
45430
45434
45435
45436
45437
45438
45442
45481
45486
45488
45509
45544
45549
45550
45569
45570
45594
45597
45603
45615
45646
45648
45697
45705
45706
45711
45747
45794
45818
45823
45839
45867
45886
45891
45911
45919
45941
45963
45965
45973
45977
45988
46013
46044
46059
46071
46077
46100
46111
46112
46114
46125
46177
46193
46215
46216
46221
46232
46245
46266
46277
46280
46384
46441
46442
46444
46486
46488
46511
46513
46517
46565
46571
46585
46592
46604
46610
46651
46658
46659
46677
46680
46685
46686
46775
46792
46828
46830
46853
46888
46891
46898
46934
46949
46955
46957
47003
47018
47025
47031
47048
47049
47056
47068
47089
47098
47100
47101
47131
47133
47137
47144
47151
47154
47180
47213
47217
47220
47228
47247
47255
47267
47309
47314
47328
47350
47384
47392
47424
47428
47436
47437
47457
47566
47567
47568
47617
47656
47662
47749
47750
47755
47784
47785
47793
47799
47808
47812
47850
47897
47909
47912
47914
47917
47919
47925
47937
47938
47940
47942
47944
47947
47983
47999
48004
48005
48018
48029
48036
48044
48065
48066
48101
48107
48110
48111
48132
48135
48147
48149
48151
48161
48168
48176
48236
48257
48280
48290
48304
48381
48386
48393
48401
48405
48421
48426
48427
48439
48450
48457
48458
48459
48460
48461
48464
48506
48555
48590
48650
48655
48670
48676
48686
48693
48754
48762
48776
48799
48800
48816
48870
48893
48895
48897
48930
48949
48982
49045
49072
49089
49102
49118
49134
49136
49206
49218
49261
49262
49264
49291
49297
49300
49301
49319
49321
49344
49418
49478
49503
49512
49513
49514
49532
49546
49547
49549
49550
49554
49615
49651
49655
49689
49697
49716
49732
49773
49774
49804
49827
49835
49850
49877
49900
49904
49922
49927
49932
49973
49987
50021
50028
50054
50056
50074
50083
50104
50140
50155
50165
50181
50187
50189
50190
50268
50269
50286
50289
50293
50298
50300
50303
50307
50308
50309
50322
50358
50420
50425
50492
50509
50533
50566
50605
50607
50608
50683
50684
50689
50704
50705
50706
50707
50708
50740
50774
50778
50780
50783
50807
50808
50812
50836
50865
50890
50902
50956
51007
51041
51069
51075
51076
51077
51095
51096
51100
51101
51103
51105
51113
51152
51190
51199
51204
51216
51218
51229
51250
51255
51256
51263
51264
51265
51266
51302
51306
51311
51320
51361
51362
51369
51384
51389
51393
51413
51419
51423
51433
51436
51458
51460
51523
51542
51547
51568
51578
51580
51589
51594
51637
51665
51694
51695
51697
51713
51741
51760
51762
51773
51818
51820
51857
51877
51894
51930
51934
51937
51938
51992
51993
51999
52028
52029
52044
52045
52094
52119
52125
52137
52168
52171
52172
52193
52256
52284
52285
52303
52328
52370
52377
52396
52397
52402
52406
52468
52484
52488
52506
52507
52538
52557
52562
52564
52567
52570
52574
52589
52653
52662
52686
52701
52707
52726
52744
52753
52771
52772
52805
52878
52880
52881
52939
52948
53000
53103
53108
53182
53224
53246
53251
53253
53340
53343
53384
53391
53433
53438
53507
53513
53514
53546
53586
53656
53660
53681
53682
53707
53742
53748
53774
53798
53801
53842
53858
53865
53907
53908
53945
53987
54060
54077
54084
54124
54126
54128
54130
54133
54162
54321
54326
54333
54371
54408
54428
54434
54435
54484
54485
54491
54510
54527
54532
54626
54635
54708
54716
54717
54746
54747
54765
54775
54777
54786
54800
54840
54916
54933
54934
54941
54963
54996
55010
55011
55031
55051
55052
55074
55078
55093
55115
55156
55157
55183
55221
55253
55274
55276
55325
55408
55411
55459
55540
55588
55622
55623
55627
55640
55654
55666
55679
55683
55768
55770
55774
55775
55777
55778
55780
55796
55800
55802
55803
55808
55816
55879
55883
55884
55885
55897
55914
55937
55981
56059
56064
56079
56118
56135
56147
56151
56184
56186
56234
56257
56286
56294
56312
56314
56316
56369
56419
56452
56454
56462
56505
56516
56517
56532
56537
56577
56636
56660
56667
56669
56709
56784
56881
56902
56904
56946
56948
56980
57025
57065
57071
57103
57123
57140
57143
57159
57165
57220
57235
57330
57352
57410
57434
57482
57490
57508
57564
57692
57737
57744
57782
57804
57841
57862
57996
58006
58012
58022
58071
58193
58288
58340
58353
58362
58425
58442
58585
58595
58628
58659
58661
58698
58730
58768
58774
58811
58909
58921
58922
58923
58924
59059
59062
59105
59129
59152
59177
59179
59185
59186
59253
59262
59314
59395
59396
59430
59452
59490
59494
59546
59560
59578
59604
59605
59667
59668
59751
59762
59768
59784
59785
59844
59897
59911
59912
59918
59929
59942
59984
59994
59995
60007
60019
60023
60024
60099
60107
60112
60139
60149
60159
60175
60249
60255
60256
60264
60265
60266
60307
60321
60345
60378
60380
60437
60438
60460
60485
60533
60534
60571
60626
60664
60665
60680
60757
60804
60847
60955
60960
61010
61026
61084
61119
61126
61156
61184
61187
61193
61206
61228
61248
61294
61317
61357
61391
61415
61490
61524
61601
61636
61643
61685
61725
61727
61729
61730
61731
61743
61766
61767
61836
61964
62009
62046
62123
62155
62158
62324
62396
62403
62439
62518
62543
62575
62632
62681
62727
62736
62870
62882
62894
62964
62966
63001
63002
63036
63056
63080
63081
63093
63094
63173
63241
63334
63403
63479
63514
63515
63517
63518
63519
63520
63688
63697
63700
63708
63711
63718
63751
63753
63758
63759
63776
63808
63812
63885
63946
63972
63979
63980
64021
64064
64095
64172
64236
64239
64265
64280
64289
64306
64319
64321
64388
64389
64390
64422
64476
64477
64484
64524
64547
64569
64585
64638
64738
64769
64786
64789
64824
64845
64887
64994
65042
65043
65060
65072
65091
65113
65174
65182
65325
65330
65497
65500
65533
65542
65545
65582
65603
65620
65730
65735
65748
65752
65756
65914
65991
66016
66069
66106
66128
66142
66145
66271
66486
66492
66523
66581
66639
66659
66678
66711
66712
66764
66891
66904
66957
66959
67042
67061
67063
67064
67068
67142
67196
67259
67286
67349
67376
67392
67405
67492
67540
67612
67654
67675
67678
67689
67718
67741
67750
67877
67914
67932
67933
67985
68043
68044
68061
68062
68070
68085
68118
68324
68393
68550
68596
68648
68650
68651
68970
69179
69192
69194
69336
69337
69366
69384
69398
69399
69526
69550
69606
69633
69734
69768
69859
69861
69936
69937
69960
70193
70297
70422
70423
70519
70562
70594
70595
70699
70705
70730
70731
70786
70839
70885
70898
70922
70936
71056
71134
71137
71204
71273
71320
71380
71381
71384
71385
71386
71387
71388
71389
71391
71394
71395
71396
71398
71399
71401
71403
71405
71406
71407
71412
71414
71422
71423
71424
71430
71440
71461
71472
71486
71534
71544
71548
71755
71944
71967
71996
72068
72213
72291
72451
72964
73116
73417
73788
74384
74431
74453
74577
74618
74656
74692
74732
75401
75402
75434
75487
75488
75490
75505
75561
75592
75628
75648
75664
75665
75673
75757
75764
75768
75769
75788
75801
75811
75867
75871
75876
75877