11
19
22
24
26
32
33
43
48
49
54
56
59
66
68
70
73
77
84
87
99
100
101
109
110
119
130
131
136
140
144
155
157
163
164
167
172
173
183
185
191
193
195
198
200
217
223
230
231
236
238
239
246
253
254
255
261
262
266
274
275
277
289
292
296
303
311
314
315
316
323
326
330
336
345
346
348
353
357
364
365
368
369
370
372
380
381
390
392
397
402
413
416
418
420
422
423
424
425
431
434
436
440
450
452
459
462
466
467
468
473
474
476
477
483
484
486
491
494
499
500
502
508
514
515
522
532
536
538
543
545
547
560
561
565
569
572
574
575
577
580
582
584
590
597
602
604
615
616
626
627
628
631
648
651
653
662
664
665
666
667
670
674
676
683
687
692
699
702
711
714
720
736
748
753
757
764
766
767
768
773
774
775
777
779
784
788
789
790
792
794
795
796
798
801
802
804
812
815
822
829
835
842
845
850
851
852
859
860
862
864
865
875
879
880
887
890
891
892
893
901
902
906
919
921
923
927
928
937
938
939
955
960
969
970
974
977
984
992
993
994
1000
1005
1013
1018
1021
1024
1025
1027
1039
1040
1048
1050
1051
1056
1060
1063
1067
1074
1079
1081
1090
1093
1102
1111
1117
1121
1124
1125
1136
1137
1141
1143
1153
1158
1163
1168
1172
1175
1176
1178
1182
1184
1185
1198
1200
1203
1205
1211
1212
1215
1217
1220
1228
1229
1231
1232
1234
1245
1247
1250
1251
1256
1259
1260
1261
1269
1271
1275
1289
1290
1297
1302
1304
1306
1307
1309
1312
1314
1320
1328
1335
1341
1344
1348
1349
1354
1355
1356
1359
1362
1364
1370
1371
1377
1386
1387
1395
1396
1397
1398
1404
1409
1410
1411
1412
1414
1416
1419
1422
1423
1425
1427
1428
1435
1439
1441
1454
1456
1460
1461
1468
1479
1482
1487
1489
1492
1499
1500
1501
1507
1530
1540
1544
1552
1554
1562
1566
1571
1574
1579
1582
1583
1585
1588
1589
1592
1596
1597
1603
1609
1610
1617
1618
1625
1630
1635
1640
1641
1646
1649
1652
1657
1661
1662
1665
1668
1671
1675
1676
1677
1685
1688
1703
1713
1723
1729
1730
1731
1732
1749
1754
1756
1758
1761
1769
1771
1783
1785
1787
1797
1803
1808
1810
1816
1818
1820
1826
1827
1839
1842
1848
1857
1858
1865
1866
1872
1876
1887
1890
1892
1916
1919
1930
1937
1941
1944
1946
1950
1953
1960
1965
1968
1970
1972
1974
1978
1979
1987
1993
1997
2000
2008
2012
2013
2015
2029
2030
2036
2040
2042
2044
2045
2059
2063
2065
2067
2071
2072
2083
2084
2093
2094
2100
2108
2110
2112
2114
2115
2119
2122
2123
2126
2131
2133
2153
2156
2157
2161
2162
2163
2166
2169
2171
2180
2186
2190
2191
2192
2193
2201
2205
2207
2211
2212
2215
2216
2217
2218
2223
2224
2231
2238
2241
2245
2254
2258
2260
2262
2269
2273
2274
2277
2279
2281
2287
2290
2292
2295
2296
2297
2305
2306
2311
2318
2326
2327
2330
2333
2334
2336
2338
2342
2348
2353
2354
2356
2364
2377
2378
2381
2386
2389
2390
2394
2399
2401
2402
2406
2407
2410
2413
2417
2421
2422
2436
2438
2442
2443
2447
2453
2454
2460
2467
2468
2470
2485
2494
2496
2497
2500
2501
2506
2507
2508
2509
2515
2517
2524
2525
2535
2539
2540
2547
2553
2554
2557
2559
2563
2564
2569
2575
2579
2582
2587
2589
2592
2600
2603
2611
2617
2618
2624
2631
2641
2644
2646
2649
2651
2653
2656
2668
2670
2674
2687
2701
2702
2704
2705
2706
2709
2711
2722
2724
2726
2734
2738
2740
2742
2743
2744
2746
2748
2750
2756
2757
2758
2761
2769
2772
2777
2780
2782
2787
2791
2794
2795
2797
2799
2800
2803
2805
2806
2808
2812
2813
2823
2834
2841
2844
2848
2856
2862
2864
2871
2872
2874
2881
2884
2889
2894
2897
2899
2906
2912
2913
2914
2916
2925
2934
2935
2936
2946
2953
2958
2963
2964
2966
2972
2974
2975
2978
2985
2989
2993
2998
3002
3003
3005
3007
3009
3011
3016
3017
3020
3024
3026
3030
3031
3032
3046
3051
3052
3054
3057
3059
3061
3063
3071
3072
3078
3080
3085
3112
3115
3116
3117
3122
3125
3134
3138
3141
3144
3147
3159
3168
3170
3174
3176
3180
3184
3188
3190
3192
3194
3199
3202
3210
3215
3217
3219
3221
3231
3238
3246
3249
3250
3251
3257
3260
3261
3266
3268
3272
3280
3282
3285
3286
3294
3298
3299
3302
3304
3311
3312
3323
3324
3325
3330
3342
3350
3352
3357
3365
3371
3378
3381
3399
3402
3406
3412
3415
3418
3421
3422
3423
3435
3436
3446
3447
3450
3459
3460
3470
3481
3492
3498
3499
3500
3509
3519
3520
3523
3527
3529
3535
3545
3546
3547
3549
3553
3554
3557
3559
3576
3578
3579
3580
3581
3583
3585
3604
3608
3618
3625
3628
3633
3639
3641
3642
3649
3653
3655
3665
3668
3672
3677
3681
3697
3699
3702
3717
3724
3728
3733
3737
3738
3740
3747
3750
3756
3765
3771
3772
3774
3779
3782
3784
3786
3788
3789
3790
3800
3801
3802
3804
3806
3811
3812
3814
3816
3829
3832
3833
3837
3847
3850
3861
3864
3873
3874
3879
3880
3882
3884
3886
3891
3897
3902
3903
3914
3915
3918
3921
3922
3927
3928
3935
3948
3952
3958
3960
3964
3968
3978
3982
3989
3995
3999
4004
4007
4015
4018
4021
4022
4025
4027
4032
4041
4043
4046
4047
4048
4050
4056
4060
4062
4065
4066
4069
4075
4082
4084
4087
4088
4089
4102
4103
4104
4117
4124
4125
4126
4130
4134
4137
4138
4145
4152
4159
4168
4172
4176
4180
4186
4187
4192
4195
4196
4197
4202
4207
4210
4213
4215
4216
4225
4226
4227
4229
4231
4237
4239
4251
4257
4260
4262
4265
4270
4274
4275
4276
4279
4280
4286
4295
4306
4316
4329
4337
4341
4344
4353
4355
4356
4365
4369
4371
4372
4373
4378
4381
4382
4383
4386
4396
4397
4403
4410
4411
4419
4424
4425
4429
4433
4434
4437
4445
4448
4451
4460
4466
4470
4473
4474
4475
4476
4477
4479
4485
4486
4495
4507
4515
4517
4522
4528
4529
4544
4546
4547
4548
4550
4552
4558
4560
4563
4571
4594
4598
4600
4606
4610
4614
4623
4626
4629
4631
4637
4638
4639
4650
4653
4656
4664
4668
4670
4671
4676
4681
4683
4690
4692
4703
4705
4707
4712
4715
4717
4726
4727
4731
4734
4742
4744
4748
4768
4769
4770
4771
4773
4775
4780
4785
4790
4793
4799
4803
4808
4810
4812
4813
4817
4818
4819
4823
4829
4831
4833
4835
4840
4841
4845
4848
4849
4853
4857
4859
4862
4865
4867
4869
4876
4878
4891
4895
4896
4898
4900
4904
4924
4929
4930
4933
4937
4938
4940
4950
4953
4955
4956
4962
4963
4975
4979
4983
4999
5002
5018
5029
5033
5035
5039
5041
5042
5044
5063
5064
5066
5067
5071
5073
5079
5086
5087
5092
5094
5104
5111
5115
5119
5120
5123
5128
5131
5138
5144
5147
5148
5154
5155
5156
5158
5161
5167
5170
5173
5175
5177
5189
5191
5196
5197
5198
5203
5213
5223
5229
5230
5235
5241
5245
5249
5250
5251
5256
5259
5262
5269
5275
5279
5280
5282
5285
5287
5299
5311
5312
5315
5317
5318
5320
5321
5322
5328
5333
5334
5342
5345
5350
5352
5354
5362
5366
5367
5374
5375
5376
5379
5381
5382
5384
5385
5392
5394
5396
5413
5414
5415
5422
5424
5428
5434
5435
5439
5445
5449
5450
5455
5456
5457
5461
5467
5469
5473
5474
5475
5477
5479
5490
5499
5505
5511
5518
5520
5530
5531
5532
5533
5534
5535
5536
5539
5543
5545
5546
5547
5557
5558
5561
5569
5571
5574
5577
5582
5583
5586
5596
5597
5600
5602
5603
5614
5617
5618
5620
5621
5635
5639
5641
5647
5651
5652
5653
5657
5663
5665
5671
5673
5675
5682
5693
5696
5697
5701
5709
5711
5714
5715
5718
5727
5729
5735
5737
5739
5740
5743
5753
5754
5757
5761
5764
5768
5776
5781
5782
5787
5788
5802
5804
5806
5807
5812
5816
5823
5826
5829
5836
5838
5840
5843
5844
5854
5857
5863
5867
5871
5872
5874
5885
5886
5888
5896
5905
5907
5915
5935
5936
5937
5945
5948
5949
5970
5973
5979
5980
5988
5989
5992
5993
5997
6000
6003
6006
6011
6013
6019
6026
6029
6030
6031
6033
6034
6035
6046
6047
6050
6053
6055
6056
6058
6063
6067
6068
6072
6075
6077
6086
6089
6092
6095
6098
6102
6105
6107
6111
6112
6114
6116
6117
6122
6126
6127
6145
6149
6150
6156
6163
6183
6184
6185
6186
6187
6192
6194
6196
6197
6201
6204
6220
6221
6222
6226
6234
6237
6245
6248
6256
6258
6262
6265
6275
6278
6282
6285
6288
6289
6292
6299
6301
6305
6308
6309
6315
6321
6329
6337
6339
6346
6347
6348
6351
6358
6359
6361
6366
6370
6376
6380
6391
6393
6394
6401
6404
6405
6408
6409
6415
6416
6418
6420
6421
6427
6428
6432
6433
6436
6439
6443
6447
6450
6451
6459
6462
6474
6475
6477
6480
6483
6485
6486
6493
6497
6500
6502
6503
6505
6508
6517
6520
6521
6522
6523
6524
6525
6530
6531
6534
6536
6538
6556
6557
6562
6563
6569
6581
6586
6587
6590
6591
6606
6609
6611
6620
6625
6628
6629
6637
6640
6645
6654
6655
6659
6667
6670
6671
6676
6683
6685
6688
6695
6700
6701
6704
6705
6717
6719
6727
6730
6744
6749
6751
6758
6762
6764
6768
6770
6771
6773
6777
6778
6788
6789
6793
6795
6796
6800
6801
6804
6806
6808
6812
6817
6819
6828
6834
6835
6837
6842
6851
6865
6870
6871
6876
6881
6887
6888
6894
6896
6898
6902
6907
6910
6912
6914
6925
6929
6930
6933
6934
6936
6938
6942
6951
6956
6957
6959
6960
6966
6970
6983
6991
6993
6994
7001
7004
7006
7008
7010
7014
7015
7018
7019
7021
7022
7026
7027
7032
7034
7036
7048
7049
7055
7056
7061
7062
7065
7066
7073
7077
7078
7082
7083
7087
7094
7097
7099
7100
7103
7105
7106
7115
7116
7117
7118
7125
7129
7131
7132
7143
7148
7152
7154
7164
7165
7170
7172
7174
7175
7177
7181
7183
7188
7189
7192
7195
7198
7203
7212
7222
7234
7239
7242
7245
7246
7249
7251
7252
7253
7256
7257
7258
7259
7267
7283
7289
7291
7293
7294
7295
7302
7304
7309
7312
7314
7316
7317
7319
7320
7323
7326
7329
7338
7341
7356
7357
7358
7360
7370
7379
7382
7383
7391
7396
7397
7398
7399
7400
7405
7407
7408
7415
7419
7423
7424
7430
7431
7432
7437
7439
7442
7443
7444
7449
7463
7466
7472
7478
7481
7483
7489
7491
7493
7495
7508
7512
7518
7519
7521
7523
7524
7525
7528
7530
7532
7533
7534
7536
7537
7541
7543
7544
7554
7556
7559
7563
7565
7568
7570
7571
7573
7587
7588
7590
7600
7602
7603
7604
7623
7625
7630
7632
7634
7648
7651
7654
7657
7659
7667
7668
7671
7673
7674
7681
7686
7688
7692
7696
7701
7706
7710
7713
7718
7721
7722
7728
7733
7739
7746
7749
7750
7751
7756
7761
7765
7767
7776
7782
7799
7800
7802
7803
7805
7817
7819
7821
7833
7837
7839
7847
7854
7857
7860
7869
7871
7873
7875
7876
7877
7878
7881
7884
7885
7891
7900
7904
7908
7915
7918
7930
7938
7939
7942
7948
7950
7951
7953
7955
7957
7959
7960
7966
7979
7980
7981
7984
7992
7993
7996
7999
8001
8006
8007
8018
8022
8028
8032
8034
8038
8041
8052
8057
8066
8070
8073
8089
8090
8095
8099
8103
8106
8108
8112
8115
8124
8128
8134
8135
8140
8141
8145
8147
8152
8167
8169
8173
8174
8181
8188
8196
8198
8201
8208
8209
8215
8219
8221
8228
8233
8239
8244
8245
8252
8259
8260
8261
8266
8268
8270
8280
8281
8288
8291
8296
8297
8303
8309
8312
8315
8317
8318
8319
8324
8328
8329
8336
8343
8344
8345
8348
8351
8353
8355
8356
8357
8358
8364
8366
8367
8368
8369
8371
8372
8374
8379
8381
8382
8395
8397
8403
8407
8416
8417
8419
8423
8434
8436
8437
8440
8443
8448
8453
8457
8461
8463
8467
8469
8475
8477
8484
8494
8496
8503
8507
8511
8513
8514
8515
8517
8519
8522
8525
8531
8533
8543
8545
8546
8558
8560
8562
8563
8564
8569
8572
8578
8589
8591
8600
8602
8606
8607
8608
8609
8625
8626
8636
8643
8645
8653
8654
8655
8660
8671
8675
8680
8689
8691
8695
8698
8700
8701
8708
8713
8716
8717
8718
8721
8729
8737
8740
8741
8745
8747
8752
8758
8760
8768
8770
8775
8783
8785
8789
8790
8792
8797
8798
8799
8803
8806
8807
8812
8817
8832
8834
8835
8836
8839
8849
8850
8851
8852
8853
8855
8858
8859
8871
8875
8883
8886
8891
8893
8894
8895
8896
8897
8898
8899
8905
8924
8927
8928
8929
8936
8951
8953
8954
8958
8967
8973
8975
8984
8988
8990
8993
8996
8999
9001
9002
9009
9012
9013
9016
9026
9032
9034
9036
9037
9038
9051
9052
9054
9055
9064
9069
9070
9076
9081
9084
9092
9095
9096
9099
9107
9112
9113
9114
9117
9118
9119
9123
9125
9130
9134
9135
9144
9145
9147
9157
9158
9160
9161
9165
9166
9171
9172
9173
9174
9178
9185
9192
9194
9195
9199
9210
9213
9217
9222
9225
9238
9239
9243
9247
9252
9256
9258
9261
9272
9274
9275
9278
9279
9281
9284
9302
9305
9311
9328
9332
9339
9342
9348
9350
9353
9355
9372
9380
9390
9394
9395
9396
9399
9403
9408
9409
9411
9421
9432
9435
9439
9447
9456
9457
9461
9469
9474
9483
9490
9491
9501
9504
9505
9508
9509
9510
9515
9520
9521
9522
9526
9528
9534
9535
9537
9541
9542
9550
9551
9553
9559
9563
9566
9583
9593
9596
9597
9598
9601
9604
9617
9622
9625
9627
9630
9640
9643
9644
9647
9650
9655
9663
9665
9666
9678
9680
9681
9683
9684
9695
9703
9705
9715
9722
9741
9744
9760
9767
9779
9784
9789
9795
9797
9802
9808
9809
9814
9816
9817
9819
9823
9824
9830
9835
9850
9855
9856
9874
9885
9894
9901
9904
9909
9910
9912
9914
9919
9924
9925
9928
9931
9932
9936
9943
9951
9952
9956
9965
9966
9967
9969
9970
9975
9978
9980
9981
9982
9987
9993
9995
9996